[header]
width=95
height=20
tilewidth=16
tileheight=16
orientation=orthogonal

[tilesets]
tileset=../../../Platformer/Platformer/sprites/dirt-tiles.png,16,16,0,0

[layer]
type=Tile Layer 1
data=
0,0,0,0,0,0,0,0,0,0,0,0,0,0,0,0,0,0,0,0,0,0,0,0,0,0,0,0,0,0,0,0,0,0,0,0,0,0,0,0,0,0,0,0,0,0,0,0,0,0,0,0,0,0,0,0,0,0,0,0,0,0,0,0,0,0,0,0,0,0,0,0,0,0,0,0,0,0,0,0,0,0,0,0,0,0,0,0,0,0,0,0,0,0,0,
0,0,0,0,0,0,0,0,0,0,0,0,0,0,0,0,0,0,0,0,0,0,0,0,0,0,0,0,0,0,0,0,0,0,0,0,0,0,0,0,0,0,0,0,0,0,0,0,0,0,0,0,0,0,0,0,0,0,0,0,0,0,0,0,0,0,0,0,0,0,0,0,0,0,0,0,0,0,0,0,0,0,0,0,0,0,0,0,0,0,0,0,0,0,0,
0,0,0,0,0,0,0,0,0,0,0,0,0,0,0,0,0,0,0,0,0,0,0,0,0,0,0,0,0,0,0,0,0,0,0,0,0,0,0,0,0,0,0,0,0,0,0,0,0,0,0,0,0,0,0,0,0,0,0,0,0,0,0,0,0,0,0,0,0,0,0,0,0,0,0,0,0,0,0,0,0,0,0,0,0,0,0,0,0,0,0,0,0,0,0,
0,0,0,0,0,0,0,0,0,0,0,0,0,0,0,0,0,0,0,0,0,0,0,0,0,0,0,0,0,0,0,0,0,0,0,0,0,0,0,0,0,0,0,0,0,0,0,0,0,0,0,0,0,0,0,0,0,0,0,0,0,0,0,0,0,0,0,0,0,0,0,0,0,0,0,0,0,0,0,0,0,0,0,0,0,0,0,0,0,0,0,0,0,0,0,
0,0,0,0,0,0,0,0,0,0,0,0,0,0,0,0,0,0,0,0,0,0,0,0,0,0,0,0,0,0,0,0,0,0,0,0,0,0,0,0,0,0,0,0,0,0,0,0,0,0,0,0,0,0,0,0,0,0,0,0,0,0,0,0,0,0,0,0,0,0,0,0,0,0,0,0,0,0,0,0,0,0,0,0,0,0,67,67,67,0,0,0,0,0,0,
0,0,0,0,0,0,0,0,0,0,0,0,0,0,0,0,0,0,0,0,0,0,0,0,0,0,0,0,0,0,0,0,0,0,0,0,0,0,0,0,0,0,0,0,0,0,0,0,148,148,148,148,148,148,148,0,0,0,0,0,0,0,0,0,0,0,0,0,0,0,0,0,0,0,0,0,0,0,0,0,0,0,0,0,0,0,97,98,99,0,0,0,0,0,0,
0,0,0,0,0,0,0,0,0,0,0,0,0,0,0,0,0,0,0,0,0,0,0,0,0,0,0,0,0,0,0,0,0,0,0,0,0,0,0,0,0,0,0,0,0,0,0,0,0,0,0,0,0,0,0,0,0,0,0,0,0,0,0,0,0,0,0,0,0,0,0,0,0,0,0,0,0,0,0,0,0,0,0,0,0,0,97,98,99,0,0,0,0,0,0,
0,0,0,0,21,22,23,24,0,0,0,0,0,0,0,0,0,0,0,0,0,0,0,0,0,0,21,22,23,24,0,0,0,0,0,0,0,0,0,0,0,0,0,0,0,148,148,148,0,0,0,0,0,0,0,0,0,0,0,0,0,0,0,0,0,0,0,0,0,0,0,0,21,22,23,24,0,0,0,0,0,0,0,0,0,0,97,98,99,0,0,0,0,0,0,
0,0,0,0,45,46,47,48,0,0,0,0,0,0,0,0,0,0,0,0,0,0,0,0,0,0,45,46,47,48,0,0,0,0,0,0,0,0,0,0,0,0,0,0,0,0,0,0,0,0,0,0,0,0,0,0,0,0,0,0,0,0,0,0,0,0,0,0,0,0,0,0,45,46,47,48,0,0,0,0,0,0,0,0,0,0,97,98,99,0,0,0,0,0,0,
0,0,0,0,69,70,71,72,0,0,0,0,0,0,0,0,0,148,148,148,148,0,0,0,0,0,69,70,71,72,0,0,0,0,0,0,0,0,0,0,0,0,0,148,148,0,0,0,0,0,0,0,0,0,0,0,0,0,0,0,0,0,0,0,0,0,0,0,0,0,0,0,69,70,71,72,0,0,0,0,0,0,0,0,0,0,97,98,99,0,0,0,0,0,0,
0,0,0,0,93,94,95,96,0,0,0,0,0,0,0,0,0,0,0,0,0,0,0,0,0,0,93,94,95,96,0,0,0,0,0,0,0,0,0,0,0,0,0,0,0,0,0,0,179,88,88,160,160,160,160,0,0,0,0,0,0,0,0,0,0,0,0,0,0,0,0,0,93,94,95,96,0,0,0,0,0,0,0,0,0,0,97,98,99,0,0,0,0,0,0,
0,0,0,0,117,118,119,120,0,0,0,0,148,148,148,148,148,0,0,0,0,0,0,0,0,0,117,118,119,120,0,0,0,0,0,0,0,0,0,0,148,148,148,0,0,0,0,179,40,40,40,40,40,40,40,0,0,0,0,0,0,0,0,0,0,0,0,0,0,0,0,0,117,118,119,120,0,0,0,0,0,0,0,0,0,0,97,98,99,0,0,0,0,0,0,
0,0,0,0,141,142,143,144,0,0,0,0,0,0,0,0,0,0,0,0,0,0,0,0,0,209,210,142,143,209,210,0,0,0,0,0,0,0,0,0,0,0,0,0,0,0,179,88,88,88,88,112,183,156,132,0,0,0,0,0,0,0,0,0,0,0,0,0,0,0,0,209,210,142,143,211,0,0,0,0,0,0,0,0,0,0,97,98,99,0,0,0,0,0,0,
0,0,0,0,44,166,167,113,114,115,116,0,0,0,0,0,0,0,0,0,0,0,0,189,190,233,234,166,167,233,234,191,192,0,0,0,0,0,0,7,0,0,0,7,0,179,40,40,40,40,40,200,199,200,130,0,189,190,113,114,115,116,191,192,0,0,0,0,0,0,0,233,234,166,167,235,0,0,0,113,114,115,116,0,0,0,97,98,99,0,0,0,0,0,0,
52,52,52,52,52,52,52,52,52,52,52,52,52,52,52,52,52,52,0,0,52,52,52,52,52,52,52,52,52,52,52,52,52,52,52,52,0,0,52,52,52,52,52,52,52,88,88,88,88,88,88,224,223,224,130,52,52,52,52,52,52,52,52,52,52,0,0,0,0,0,0,52,52,52,52,52,52,52,52,52,52,52,52,52,52,52,88,88,88,0,0,0,0,0,0,
40,40,40,40,40,40,40,40,40,40,40,40,40,40,40,40,40,40,40,40,40,40,40,40,40,40,40,40,40,40,40,40,40,40,40,40,40,40,40,40,40,40,40,40,40,40,40,40,40,40,40,40,40,40,40,40,40,40,40,40,40,40,40,40,40,40,40,40,40,40,40,40,40,40,40,40,40,40,40,40,40,40,40,40,40,40,40,40,40,0,0,0,0,0,0,
88,88,88,88,88,88,88,88,88,88,88,88,88,88,88,88,88,88,88,88,88,88,88,88,88,88,88,88,88,88,88,88,88,88,88,88,88,88,88,88,88,88,88,88,88,88,88,88,88,88,88,88,88,88,88,88,88,88,88,88,88,88,88,88,88,88,88,88,88,88,88,88,88,88,88,88,88,88,88,88,88,88,88,88,88,88,88,88,88,0,0,0,0,0,0,
40,40,40,40,40,40,40,40,40,40,40,40,40,40,40,40,40,40,40,40,40,40,40,40,40,40,40,40,40,40,40,40,40,40,40,40,40,40,40,40,40,40,40,40,40,40,40,40,40,40,40,40,40,40,40,40,40,40,40,40,40,40,40,40,40,40,40,40,40,40,40,40,40,40,40,40,40,40,40,40,40,40,40,40,40,40,40,40,40,0,0,0,0,0,0,
88,88,88,88,88,88,88,88,88,88,88,88,88,88,88,88,88,88,88,88,88,88,88,88,88,88,88,88,88,88,88,88,88,88,88,88,88,88,88,88,88,88,88,88,88,88,88,88,88,88,88,88,88,88,88,88,88,88,88,88,88,88,88,88,88,88,88,88,88,88,88,88,88,88,88,88,88,88,88,88,88,88,88,88,88,88,88,88,88,0,0,0,0,0,0,
40,40,40,40,40,40,40,40,40,40,40,40,40,40,40,40,40,40,40,40,40,40,40,40,40,40,40,40,40,40,40,40,40,40,40,40,40,40,40,40,40,40,40,40,40,40,40,40,40,40,40,40,40,40,40,40,40,40,40,40,40,40,40,40,40,40,40,40,40,40,40,40,40,40,40,40,40,40,40,40,40,40,40,40,40,40,40,40,40,0,0,0,0,0,0

[Player]
# Player1
type=ENTITY_PLAYER
location=2,14,1,1
Index=39

[Enemies]
# enemy1
type=ENTITY_ENEMY
location=18,15,1,1
Index=161

[Enemies]
# enemy3
type=ENTITY_ENEMY
location=36,15,1,1
Index=141

[Enemies]
# enemy5
type=ENTITY_ENEMY
location=65,15,1,1
Index=85

[Enemies]
# enemy2
type=ENTITY_ENEMY
location=19,15,1,1
Index=161

[Enemies]
# enemy4
type=ENTITY_ENEMY
location=37,15,1,1
Index=141

[Coins]
# coin1
type=ENTITY_COIN
location=87,4,1,1
Index=134

